sizeof(num_t) = 16
r=0.99999994999999999862 t=0.224921
