sizeof(num_t) = 8
r=0.99999995000372399190 t=0.171398
