sizeof(num_t) = 4
r=0.99985271692276000977 t=0.091571
