sizeof(num_t) = 8
r=0.99999995000375718757 t=0.218411
